hellohello
hello
13 12
14 12
hello
13 12
14 12
hello
13 11
14 11
13 12
14 12
hello
14 11
14 12
hello
13 11
13 12
14 12
hello
12 11
11 12
12 12
13 12
14 12
12 13
hello
12 11
13 12
14 12
hello
12 12
13 12
14 12
hello
14 11
14 12
hello
14 11
14 12
hello
2 8
3 8
4 8
hello
14 11
14 12
hello
14 11
14 12
hello
13 12
14 12
hello
13 12
14 12
hello
14 11
14 12
hello
14 11
14 12
hello
13 12
14 12
hello
12 12
13 12
14 12
hello
14 11
14 12
hello
13 12
14 12
hello
13 12
14 12
hello
14 11
14 12
hello
13 12
14 12
hello
14 11
13 12
14 12
hello
14 11
14 12
hello
12 12
13 12
14 12
hello
13 11
13 12
14 12
hello
13 12
14 12
hello
14 11
14 12
hello
13 12
14 12
hello
13 11
14 11
13 12
14 12
hello
13 12
14 12
